1 48.0
2 55.00000000000001
3 48.0
4 43.0
5 57.99999999999999
6 49.0
7 42.0
8 57.99999999999999
9 59.0
10 56.99999999999999
11 49.0
12 56.99999999999999
13 61.0
14 52.0
15 56.99999999999999
16 48.0
17 57.99999999999999
18 57.99999999999999
19 60.0
20 53.0
21 64.0
22 66.0
23 65.0
24 70.0
25 64.0
26 56.00000000000001
27 59.0
28 59.0
29 62.0
30 61.0
31 74.0
32 72.0
33 60.0
34 63.0
35 67.0
36 69.0
37 66.0
38 61.0
39 66.0
40 69.0
41 66.0
42 71.0
43 72.0
44 74.0
45 66.0
46 72.0
47 70.0
48 59.0
49 64.0
50 69.0
51 79.0
52 73.0
53 68.0
54 80.0
55 63.0
56 71.0
57 71.0
58 75.0
59 70.0
60 70.0
61 77.0
62 79.0
63 77.0
64 76.0
65 77.0
66 82.0
67 67.0
68 69.0
69 81.0
70 79.0
71 82.0
72 84.0
73 77.0
74 73.0
75 75.0
76 78.0
77 88.0
78 74.0
79 84.0
80 70.0
81 74.0
82 74.0
83 81.0
84 78.0
85 70.0
86 66.0
87 71.0
88 77.0
89 81.0
90 71.0
91 78.0
92 76.0
93 87.0
94 83.0
95 83.0
96 77.0
97 78.0
98 83.0
99 79.0
100 74.0
101 84.0
102 74.0
103 88.0
104 82.0
105 80.0
106 72.0
107 71.0
108 81.0
109 80.0
110 73.0
111 76.0
112 75.0
113 74.0
114 74.0
115 72.0
116 71.0
117 81.0
118 68.0
119 77.0
120 72.0
121 81.0
122 62.0
123 67.0
124 74.0
125 71.0
126 68.0
127 70.0
128 67.0
129 75.0
130 68.0
131 62.0
132 71.0
133 81.0
134 82.0
135 75.0
136 74.0
137 77.0
138 77.0
139 79.0
140 80.0
141 74.0
142 81.0
143 75.0
144 75.0
145 77.0
146 69.0
147 82.0
148 78.0
149 78.0
150 75.0
151 74.0
152 80.0
153 70.0
154 75.0
155 80.0
156 75.0
157 86.0
158 78.0
159 78.0
160 72.0
161 75.0
162 81.0
163 72.0
164 68.0
165 84.0
166 86.0
167 76.0
168 74.0
169 71.0
170 79.0
171 72.0
172 77.0
173 69.0
174 72.0
175 74.0
176 79.0
177 67.0
178 76.0
179 69.0
180 72.0
181 64.0
182 73.0
183 78.0
184 73.0
185 79.0
186 79.0
187 74.0
188 78.0
189 77.0
190 78.0
191 76.0
192 69.0
193 70.0
194 66.0
195 68.0
196 76.0
197 65.0
198 63.0
