0.06846766657209324
-0.5770727008185224
-1.9592528989006375
2.732780972155594
-1.2488503195919496
2.3757383305970907
-0.4489673440723763
-6.8264556408443795
-0.6167387240323122
-3.3706511673957524
-0.795994189141049
-1.4035654747990174
-2.4972130647958988
0.27945418412858347
-0.29188566300193364
-0.9343332568263861
-0.09363496950584138
-0.26161224361680807
1.809536211345276
-0.15107222615407578
-0.35601748962125424
0.5516160135675012
-0.4339535021896274
-0.10646095971441172
-0.8001217340956891
-1.2454011689280897
-0.41520867965932284
1.2030069225302016
0.47930099086141353
-0.12919669572646797
0.8972558410902121
-1.1904652526272699
-0.40488306072120517
0.020568295344956723
-0.03948662999406416
0.023237706580933187
0.09519974738215731
-0.008549487627990612
0.03889253136487849
0.039487731125372766
0.05133684233356376
0.0680711028124935
-0.8004048379082589
0.27302974295619403
-0.0169630207829683
-0.10746530492055736
-0.16691875586398006
0.020087190139264566
0.251002636834445
-0.13272813363674074
0.16384380737943557
0.0025493040508900527
0.029925011037317473
0.004067986294895612
-0.09755121174680305
0.009971429040809957
-0.6860004400996729
-0.060836753262920665
0.29142848795880005
0.08768109805057119
0.029724150422876933
-0.8594134043227206
0.7316140046465807
-0.02059659665771648
-0.252641595529264
0.4186246318925044
-0.006477807879207202
-0.2786837548428953
-1.0264415245015293
0.08720379970285265
0.11027514724250513
0.11325926707889203
-0.4345475158713033
-0.2997511551505679
-0.28868516993747567
-0.19936627487257944
-0.1474244592213622
-0.7188550326922905
-0.6570225035043064
0.9295011082284615
-0.2978839778525373
-1.0106882881002484
-0.1041649055289549
-0.193849031725419
-0.3341753426783057
0.0822659355247939
-1.2159495553753044
0.04735453257308163
0.678331821366718
-0.2928072559401731
0.182845155405433
0.4690790164764386
-0.002182987263364719
-0.7407272887695238
-1.0317411512997372
-0.2229246430069771
-0.3138980436392379
1.1281658013341114
1.2286075717225062
-2.225327240990688
2.5743753347796634
4.791197319956277
-0.23071348250027837
-6.646771011554884
1.0003065192809986
2.8443220815926433
1.131825113576957
1.0252788247170928
5.9281992820027405
-0.26676322568606703
0.07666466956762606
1.2120011845436816
0.009988635163159953
0.08227202760435814
0.07015401003752197
0.46101425382422523
-0.15416024339528267
0.16065017882052424
0.41374354274269654
0.2028983943402033
0.4567899390838195
0.04957495831686176
0.2858171520764765
0.22737782553740749
-0.17753123257604386
0.20017698720005828
-0.3596099837549266
0.2677462843025956
