1 0.0327306446605486
2 0.04168912513464562
3 0.029246192391206953
4 0.03224386251892522
5 0.050657485492405896
6 0.03153162663383271
7 0.038526880940826604
8 0.03962877235036624
9 0.040121746611633216
10 0.03243906349061191
11 0.031416941979274624
12 0.033552396396471194
13 0.045428424596172905
14 0.038529093827914224
15 0.039287817613536065
16 0.027964477264942778
17 0.03431809762558576
18 0.03513801192127797
19 0.04879655037189131
20 0.034091414556119304
21 0.02833541333712919
22 0.03787930389841121
23 0.08060412138192222
24 0.036893830580660446
25 0.04114084406932591
26 0.03253517712809568
27 0.03351733836464354
28 0.03617542701399949
29 0.029244118888764173
30 0.030431829456384226
31 0.043724093160898175
32 0.025920657223856065
33 0.027959883210698075
34 0.05473445965419068
35 0.03243227503883231
36 0.031230330496799488
37 0.04121943957439147
38 0.034716834813639484
39 0.04461579190751136
40 0.022111779688353598
41 0.026916289700735674
42 0.027851222260981256
43 0.046815030164951914
44 0.02960991605898903
45 0.03502891001580625
46 0.04340217962367286
47 0.02834682007061011
48 0.025649645025212976
49 0.0370991869194605
50 0.028213199278034767
51 0.041705006107539876
52 0.03573949979458401
53 0.03441875739228115
54 0.041880804313177096
55 0.03505397162834369
56 0.05757909117416635
57 0.034368712645966366
58 0.033488244404984026
59 0.04624049667765899
60 0.04180253853476886
61 0.031002786711884958
62 0.03460838080255298
63 0.05516112037137038
64 0.03175581510708742
65 0.030236510970944246
66 0.03988409701801623
67 0.024841491943668966
68 0.022683332359216272
69 0.032257962521023247
70 0.03259633977056362
71 0.03442638927452363
72 0.0410175446413478
73 0.04505785835992631
74 0.02573606815438944
75 0.033322826944239735
76 0.03546715825500168
77 0.03470157079472721
78 0.04221944533985246
79 0.034522885596583994
80 0.02638874608605447
81 0.045733855191881334
82 0.033075258061929395
83 0.03449595318238356
84 0.02448866068562285
85 0.049492329275818946
86 0.024072312665098027
87 0.035504941147973985
88 0.030263011780605142
89 0.026811271165234917
90 0.029482098163635305
91 0.027980481950825593
92 0.031451427685626414
93 0.031314627879797774
94 0.041428278468317495
95 0.03268996197517681
96 0.03175135608579878
97 0.039051924209588716
98 0.028769639287583495
99 0.028976764663803948
100 0.041522671122312844
101 0.04367363650774201
102 0.022462114056120565
103 0.026560718665035787
104 0.0355045687500309
105 0.040458270425360036
106 0.03309166059190609
107 0.02562085193492055
108 0.03244613427833451
109 0.0292168297943809
110 0.04092093920739144
111 0.030263826569666065
112 0.022514366594533246
113 0.0451404036431348
114 0.03740571789944794
115 0.03630643385445401
116 0.033474192317935046
117 0.029426831798994097
118 0.04119376607908665
119 0.0236398637589571
120 0.03044871974683477
121 0.04872524346565255
122 0.03490268576891301
123 0.025496442828749685
124 0.023167077225465772
125 0.042446957054362786
126 0.03685579468128247
127 0.0355832459535503
128 0.028579094889182494
129 0.0389342712350457
130 0.039617646503317956
131 0.03786331006664743
132 0.0584267005338235
133 0.03459744280044982
134 0.032189494025661576
135 0.034358039866474774
136 0.033600461241436404
137 0.027395263478965044
138 0.034102997213603936
139 0.028642335446114685
140 0.03504662971485007
141 0.04250041803510966
142 0.03664304964780084
143 0.039459111484378924
144 0.03646733871228532
145 0.02642327390295087
146 0.03135863739404483
147 0.02774832289955631
148 0.029704503799690866
149 0.037032021233548804
150 0.0354826285393056
151 0.03625792372188485
152 0.050239264332355024
153 0.02883295008276756
154 0.031968429565073904
155 0.0343857948949371
156 0.0465689470632503
157 0.03297989989274234
158 0.032175038620446586
159 0.03129509719181998
160 0.04186493574694028
161 0.03362713655300434
162 0.03361363089830592
163 0.0463745579444284
164 0.029409527659107378
165 0.03648124592878114
166 0.0385194865869817
167 0.03530020556854676
168 0.028774416882655824
169 0.034226535379261055
170 0.03472070980569157
171 0.03648021734248796
172 0.033891538178784084
173 0.035587990973463365
174 0.02566045444973759
175 0.029688805100308236
176 0.03329335117591318
177 0.03066042907144213
178 0.034044633465394956
179 0.0531026010566178
180 0.047396000367882475
181 0.030568759719808238
182 0.027771814811503096
183 0.04024623657257995
184 0.03888015749650027
185 0.03414924856801634
186 0.04414782513416693
187 0.046365987249208145
188 0.037347280646922054
189 0.025902319786831583
190 0.029290441745963257
191 0.043516613805352
192 0.03997186845028512
193 0.03478524691816634
194 0.03404255024546449
195 0.03468367551016983
196 0.028695791872430952
197 0.028411520529206456
198 0.09175439376581633
