1 77.0
2 75.0
3 87.0
4 76.0
5 81.0
6 82.0
7 80.0
8 72.0
9 84.0
10 76.0
11 78.0
12 76.0
13 76.0
14 82.0
15 79.0
16 75.0
17 72.0
18 82.0
19 83.0
20 80.0
21 80.0
22 70.0
23 80.0
24 78.0
25 81.0
26 77.0
27 78.0
28 70.0
29 75.0
30 73.0
31 76.0
32 73.0
33 75.0
34 78.0
35 73.0
36 82.0
37 85.0
38 76.0
39 76.0
40 77.0
41 77.0
42 74.0
43 81.0
44 77.0
45 81.0
46 80.0
47 78.0
48 72.0
49 80.0
50 68.0
51 75.0
52 80.0
53 77.0
54 75.0
55 74.0
56 70.0
57 75.0
58 80.0
59 77.0
60 77.0
61 79.0
62 69.0
63 76.0
64 77.0
65 76.0
66 74.0
67 75.0
68 80.0
69 79.0
70 75.0
71 71.0
72 79.0
73 77.0
74 73.0
75 76.0
76 81.0
77 71.0
78 80.0
79 68.0
80 71.0
81 83.0
82 80.0
83 74.0
84 76.0
85 71.0
86 80.0
87 73.0
88 74.0
89 77.0
90 75.0
91 78.0
92 72.0
93 71.0
94 81.0
95 71.0
96 84.0
97 77.0
98 77.0
99 77.0
100 72.0
101 76.0
102 81.0
103 77.0
104 81.0
105 72.0
106 78.0
107 79.0
108 78.0
109 81.0
110 73.0
111 76.0
112 75.0
113 80.0
114 78.0
115 72.0
116 80.0
117 71.0
118 71.0
119 79.0
120 69.0
121 75.0
122 80.0
123 74.0
124 77.0
125 75.0
126 82.0
127 75.0
128 79.0
129 79.0
130 80.0
131 75.0
132 78.0
133 77.0
134 79.0
135 85.0
136 87.0
137 63.0
138 80.0
139 72.0
140 78.0
141 84.0
142 70.0
143 69.0
144 71.0
145 74.0
146 74.0
147 76.0
148 71.0
149 74.0
150 75.0
151 76.0
152 70.0
153 84.0
154 73.0
155 71.0
156 80.0
157 77.0
158 73.0
159 71.0
160 83.0
161 84.0
162 65.0
163 74.0
164 79.0
165 80.0
166 78.0
167 78.0
168 75.0
169 81.0
170 66.0
171 72.0
172 79.0
173 71.0
174 75.0
175 71.0
176 77.0
177 70.0
178 77.0
179 77.0
180 80.0
181 78.0
182 85.0
183 80.0
184 65.0
185 82.0
186 75.0
187 77.0
188 77.0
189 79.0
190 69.0
191 74.0
192 77.0
193 79.0
194 74.0
195 71.0
196 73.0
197 75.0
198 70.0
