0 88.0
1 81.0
2 85.0
3 83.0
4 77.0
5 82.0
6 82.0
7 85.0
8 76.0
9 76.0
10 83.0
11 66.0
12 79.0
13 81.0
14 76.0
15 77.0
16 78.0
17 78.0
18 80.0
19 77.0
20 70.0
21 75.0
22 71.0
23 88.0
24 75.0
25 74.0
26 71.0
27 81.0
28 81.0
29 75.0
30 76.0
31 73.0
32 73.0
33 74.0
34 73.0
35 75.0
36 82.0
37 74.0
38 70.0
39 81.0
40 75.0
41 76.0
42 80.0
43 76.0
44 68.0
45 77.0
46 80.0
47 79.0
48 84.0
49 77.0
50 81.0
51 76.0
52 79.0
53 83.0
54 82.0
55 74.0
56 76.0
57 74.0
58 68.0
59 74.0
60 77.0
61 75.0
62 68.0
63 75.0
64 75.0
65 76.0
66 75.0
67 84.0
68 85.0
69 77.0
70 72.0
71 75.0
72 73.0
73 82.0
74 75.0
75 70.0
76 78.0
77 74.0
78 75.0
79 81.0
80 71.0
81 74.0
82 76.0
83 75.0
84 75.0
85 75.0
86 80.0
87 77.0
88 76.0
89 82.0
90 82.0
91 83.0
92 79.0
93 83.0
94 81.0
95 71.0
96 79.0
97 73.0
98 81.0
99 77.0
100 82.0
101 76.0
102 80.0
103 76.0
104 79.0
105 78.0
106 74.0
107 79.0
108 74.0
109 85.0
110 76.0
111 78.0
112 71.0
113 75.0
114 76.0
115 83.0
116 80.0
117 72.0
118 75.0
119 82.0
120 79.0
121 82.0
122 74.0
123 73.0
124 72.0
125 76.0
126 77.0
127 75.0
128 73.0
129 78.0
130 69.0
131 77.0
132 68.0
133 85.0
134 76.0
135 83.0
136 78.0
137 81.0
138 72.0
139 75.0
140 74.0
141 72.0
142 73.0
143 81.0
144 73.0
145 81.0
146 80.0
147 71.0
148 76.0
149 72.0
150 79.0
151 77.0
152 80.0
153 81.0
154 82.0
155 73.0
156 83.0
157 82.0
158 76.0
159 76.0
160 68.0
161 76.0
162 73.0
163 76.0
164 74.0
165 71.0
166 76.0
167 71.0
168 78.0
169 77.0
170 76.0
171 75.0
172 76.0
173 80.0
174 78.0
175 76.0
176 77.0
177 72.0
178 78.0
179 80.0
180 79.0
181 86.0
182 77.0
183 77.0
184 81.0
185 80.0
186 70.0
187 74.0
188 80.0
189 80.0
190 68.0
191 72.0
192 79.0
193 81.0
194 74.0
195 76.0
196 71.0
197 79.0
